function K = lqr_k(L0)
%LQR_K
%    K = LQR_K(L0)

%    This function was generated by the Symbolic Math Toolbox version 23.2.
%    2024-05-07 03:39:41

t2 = L0.^2;
t3 = L0.^3;
mt1 = [L0.*(-2.763580623533296e+2)+t2.*4.308538501400799e+2-t3.*3.108061868586439e+2+3.37505310248777];
mt2 = [L0.*9.439371092421525e+2-t2.*3.24703415053028e+3+t3.*3.412393741826195e+3-2.730290375821672];
mt3 = [L0.*(-3.101820268925931e+1)+t2.*9.431184735267317-t3.*4.106711898880056+8.835589079469042e-1];
mt4 = [L0.*1.438955313443456e+2-t2.*4.364357909150491e+2+t3.*4.37301650935424e+2-6.468480330187203e-1];
mt5 = [L0.*(-4.594067839347922e+1)+t2.*9.326295077773149e+1-t3.*7.011229766028846e+1+8.480005717245922e-1];
mt6 = [L0.*1.731394841583691e+2-t2.*6.820275704381108e+2+t3.*7.608666215690138e+2+3.074464931533307];
mt7 = [L0.*(-7.101022142843422e+1)+t2.*1.38880303893591e+2-t3.*1.043997613831309e+2+5.906661175495467e-1];
mt8 = [L0.*2.616900064065749e+2-t2.*1.048135047166993e+3+t3.*1.17749523431479e+3+7.658503649943878];
mt9 = [L0.*(-6.384419333693157e+1)-t2.*6.353903304796521e+1+t3.*1.606390937594381e+2+4.557941276352183e+1];
mt10 = [L0.*5.603068305401971e+2-t2.*9.631278880490887e+2+t3.*5.835144121552767e+2+3.495479594688078e+1];
mt11 = [L0.*(-9.954842941086481)+t2.*1.222559449264017e+1-t3.*6.583511542654226+4.555754130131893];
mt12 = [L0.*1.413328163086348e+1+t2.*1.649246881367444e+1-t3.*4.881322503813679e+1+2.667555163916891];
K = reshape([mt1,mt2,mt3,mt4,mt5,mt6,mt7,mt8,mt9,mt10,mt11,mt12],2,6);
end
