function K = lqr_k(L0)
%LQR_K
%    K = LQR_K(L0)

%    This function was generated by the Symbolic Math Toolbox version 23.2.
%    2024-03-18 16:21:07

t2 = L0.^2;
t3 = L0.^3;
mt1 = [L0.*(-1.880979417294775e+2)+t2.*1.962711201387192e+2-t3.*1.021898825273429e+2-4.044412166527581];
mt2 = [L0.*8.89395127069674e+2-t2.*2.6156322745719e+3+t3.*2.535188316302409e+3-1.450860144232609e+1];
mt3 = [L0.*(-2.7238914598312e+1)+t2.*3.420607080611165-t3.*1.330770005280462+3.209509894698012e-1];
mt4 = [L0.*1.377749599043191e+2-t2.*3.726467699978103e+2+t3.*3.565433351425497e+2+4.538150917498407e-1];
mt5 = [L0.*(-1.757209919609632e+1)+t2.*6.94704206930822+t3.*1.671368638914417e+1-1.803965837261339];
mt6 = [L0.*1.970348075762953e+2-t2.*6.911177759428539e+2+t3.*7.299390514237692e+2-2.679789363220313e-1];
mt7 = [L0.*(-2.150808572445763e+1)-t2.*1.074574793773196e+1+t3.*4.630997785573896e+1-4.205419888301908];
mt8 = [L0.*3.067425473953451e+2-t2.*1.077654651231721e+3+t3.*1.1428529673953e+3+6.701977368031445e-1];
mt9 = [L0.*(-4.960045081304447e+1)+t2.*4.686266698159793e+1-t3.*2.36227186268123e+1+2.991830985525225e+1];
mt10 = [L0.*1.468461068589285e+2+t2.*1.773273941264426e+1-t3.*2.377962820903192e+2+2.205656327190862e+1];
mt11 = [L0.*(-1.589173267014577e+1)+t2.*3.562274317381668e+1-t3.*3.43525933185872e+1+5.950062811408968];
mt12 = [L0.*(-1.59840850382652e+1)+t2.*1.246211686324778e+2-t3.*1.639715524435069e+2+3.205260728277635];
K = reshape([mt1,mt2,mt3,mt4,mt5,mt6,mt7,mt8,mt9,mt10,mt11,mt12],2,6);
end
