function K = lqr_k(L0)
%LQR_K
%    K = LQR_K(L0)

%    This function was generated by the Symbolic Math Toolbox version 23.2.
%    2024-04-15 00:15:36

t2 = L0.^2;
t3 = L0.^3;
mt1 = [L0.*(-2.099354421637592e+2)+t2.*2.232138399918432e+2-t3.*1.046071071617393e+2-7.936028100584666e-1];
mt2 = [L0.*9.980491541764065e+2-t2.*2.959750187881556e+3+t3.*2.848575964792209e+3-2.01794161442052e+1];
mt3 = [L0.*(-3.065479696248051e+1)+t2.*5.258091140526101+t3.*1.920817484422306+6.840142472770436e-1];
mt4 = [L0.*1.697056663555181e+2-t2.*4.754091112674024e+2+t3.*4.538113810180114e+2-9.795833973534471e-1];
mt5 = [L0.*(-1.466198936087737e+1)+t2.*1.763021464995856e+1-t3.*3.923347473475144-4.613039872606569e-1];
mt6 = [L0.*1.130411291197608e+2-t2.*3.963277048065408e+2+t3.*4.164709213813115e+2-6.190331124163816e-1];
mt7 = [L0.*(-3.980696973695611e+1)+t2.*4.305924953076394e+1-t3.*5.451219778184138-1.743342001947084];
mt8 = [L0.*3.139499443622397e+2-t2.*1.104044714033352e+3+t3.*1.162889016494332e+3-5.957507303378057e-1];
mt9 = [L0.*(-6.840643464290623e+1)-t2.*2.340431845637364e+1+t3.*8.997647029721909e+1+5.306676279004408e+1];
mt10 = [L0.*4.923558892278578e+2-t2.*6.092071325152286e+2+t3.*1.965364168080671e+2+4.65485073247234e+1];
mt11 = [L0.*(-1.591148830046411e+1)+t2.*2.938793695497699e+1-t3.*2.577712261615935e+1+7.01063317216506];
mt12 = [L0.*(-7.9778425126758)+t2.*1.109860594907733e+2-t3.*1.536156230030298e+2+5.62295087770067];
K = reshape([mt1,mt2,mt3,mt4,mt5,mt6,mt7,mt8,mt9,mt10,mt11,mt12],2,6);
end
