function K = lqr_k(L0)
%LQR_K
%    K = LQR_K(L0)

%    This function was generated by the Symbolic Math Toolbox version 23.2.
%    2024-06-22 14:45:56

t2 = L0.^2;
t3 = L0.^3;
mt1 = [L0.*(-3.346286282468155e+2)+t2.*5.503056145775488e+2-t3.*4.268414920945298e+2+3.460751520055184e-1];
mt2 = [L0.*5.56935247561363e+2-t2.*2.018484526509238e+3+t3.*2.161671477128832e+3+1.455061057329475e+1];
mt3 = [L0.*(-3.719088415880894e+1)+t2.*1.715673405561761e+1-t3.*1.466331401971593e+1+3.075224509234984e-1];
mt4 = [L0.*8.609510448620422e+1-t2.*2.757675180871793e+2+t3.*2.831000886526259e+2+2.386675074441429];
mt5 = [L0.*(-4.965596603121053e+1)+t2.*1.087860314555576e+2-t3.*8.874301970714831e+1-4.897556642556321e-1];
mt6 = [L0.*9.252235515291953e+1-t2.*4.088073444851673e+2+t3.*4.733191308682273e+2+6.666987389307885];
mt7 = [L0.*(-7.465387998192952e+1)+t2.*1.567445092361778e+2-t3.*1.274546300410605e+2-2.309304724431611];
mt8 = [L0.*1.236411594671599e+2-t2.*5.907691785693617e+2+t3.*6.993014492863309e+2+1.496094589719929e+1];
mt9 = [L0.*(-8.268351273086715e+1)-t2.*3.695079473311085e+1+t3.*1.480946834762787e+2+5.076760514038104e+1];
mt10 = [L0.*3.799691796384664e+2-t2.*6.691128347643374e+2+t3.*4.186446422082128e+2+4.197368420547263e+1];
mt11 = [L0.*(-1.012408340457603e+1)+t2.*8.710093649204802-t3.*1.446503467490457+5.277467021042307];
mt12 = [L0.*1.440132973668861e+1-t2.*1.826936666725765-t3.*2.035566562957807e+1+3.013639578127294];
K = reshape([mt1,mt2,mt3,mt4,mt5,mt6,mt7,mt8,mt9,mt10,mt11,mt12],2,6);
end
